 800 1000 20 10 1 2 0 0 50 80 -842150451
 0 80 50 80 -842150451
 0 160 50 80 -842150451
 0 240 50 80 -842150451
 0 320 50 80 -842150451
 0 400 50 80 -842150451
 0 480 50 80 -842150451
 0 560 50 80 -842150451
 0 640 50 80 -842150451
 0 720 50 80 -842150451
 0 800 50 80 -842150451
 0 880 50 80 -842150451
 0 960 50 80 -842150451
 0 1040 50 80 -842150451
 0 1120 50 80 -842150451
 0 1200 50 80 -842150451
 0 1280 50 80 -842150451
 0 1360 50 80 -842150451
 0 1440 50 80 -842150451
 0 1520 50 80 -842150451
 50 0 50 80 -842150451
 50 80 50 80 -842150451
 50 160 50 80 -842150451
 50 240 50 80 -842150451
 50 320 50 80 -842150451
 50 400 50 80 -842150451
 50 480 50 80 -842150451
 50 560 50 80 -842150451
 50 640 50 80 -842150451
 50 720 50 80 -842150451
 50 800 50 80 -842150451
 50 880 50 80 -842150451
 50 960 50 80 -842150451
 50 1040 50 80 -842150451
 50 1120 50 80 -842150451
 50 1200 50 80 -842150451
 50 1280 50 80 -842150451
 50 1360 50 80 -842150451
 50 1440 50 80 -842150451
 50 1520 50 80 -842150451
 100 0 50 80 -842150451
 100 80 50 80 -842150451
 100 160 50 80 -842150451
 100 240 50 80 -842150451
 100 320 50 80 -842150451
 100 400 50 80 -842150451
 100 480 50 80 -842150451
 100 560 50 80 -842150451
 100 640 50 80 -842150451
 100 720 50 80 -842150451
 100 800 50 80 -842150451
 100 880 50 80 -842150451
 100 960 50 80 -842150451
 100 1040 50 80 -842150451
 100 1120 50 80 -842150451
 100 1200 50 80 -842150451
 100 1280 50 80 -842150451
 100 1360 50 80 -842150451
 100 1440 50 80 -842150451
 100 1520 50 80 -842150451
 150 0 50 80 -842150451
 150 80 50 80 -842150451
 150 160 50 80 -842150451
 150 240 50 80 -842150451
 150 320 50 80 -842150451
 150 400 50 80 -842150451
 150 480 50 80 -842150451
 150 560 50 80 -842150451
 150 640 50 80 -842150451
 150 720 50 80 -842150451
 150 800 50 80 -842150451
 150 880 50 80 -842150451
 150 960 50 80 -842150451
 150 1040 50 80 -842150451
 150 1120 50 80 -842150451
 150 1200 50 80 -842150451
 150 1280 50 80 -842150451
 150 1360 50 80 -842150451
 150 1440 50 80 -842150451
 150 1520 50 80 -842150451
 200 0 50 80 -842150451
 200 80 50 80 -842150451
 200 160 50 80 69870
 200 240 50 80 69872
 200 320 50 80 -842150451
 200 400 50 80 -842150451
 200 480 50 80 -842150451
 200 560 50 80 -842150451
 200 640 50 80 -842150451
 200 720 50 80 -842150451
 200 800 50 80 -842150451
 200 880 50 80 -842150451
 200 960 50 80 -842150451
 200 1040 50 80 -842150451
 200 1120 50 80 -842150451
 200 1200 50 80 -842150451
 200 1280 50 80 -842150451
 200 1360 50 80 -842150451
 200 1440 50 80 -842150451
 200 1520 50 80 -842150451
 250 0 50 80 -842150451
 250 80 50 80 -842150451
 250 160 50 80 -842150451
 250 240 50 80 -842150451
 250 320 50 80 -842150451
 250 400 50 80 69871
 250 480 50 80 -842150451
 250 560 50 80 -842150451
 250 640 50 80 -842150451
 250 720 50 80 -842150451
 250 800 50 80 -842150451
 250 880 50 80 -842150451
 250 960 50 80 -842150451
 250 1040 50 80 -842150451
 250 1120 50 80 -842150451
 250 1200 50 80 -842150451
 250 1280 50 80 -842150451
 250 1360 50 80 -842150451
 250 1440 50 80 -842150451
 250 1520 50 80 -842150451
 300 0 50 80 -842150451
 300 80 50 80 -842150451
 300 160 50 80 69870
 300 240 50 80 69872
 300 320 50 80 69871
 300 400 50 80 -842150451
 300 480 50 80 69873
 300 560 50 80 -842150451
 300 640 50 80 -842150451
 300 720 50 80 -842150451
 300 800 50 80 -842150451
 300 880 50 80 -842150451
 300 960 50 80 -842150451
 300 1040 50 80 -842150451
 300 1120 50 80 -842150451
 300 1200 50 80 -842150451
 300 1280 50 80 -842150451
 300 1360 50 80 -842150451
 300 1440 50 80 -842150451
 300 1520 50 80 -842150451
 350 0 50 80 -842150451
 350 80 50 80 -842150451
 350 160 50 80 -842150451
 350 240 50 80 -842150451
 350 320 50 80 -842150451
 350 400 50 80 -842150451
 350 480 50 80 69873
 350 560 50 80 -842150451
 350 640 50 80 -842150451
 350 720 50 80 -842150451
 350 800 50 80 -842150451
 350 880 50 80 -842150451
 350 960 50 80 -842150451
 350 1040 50 80 -842150451
 350 1120 50 80 -842150451
 350 1200 50 80 -842150451
 350 1280 50 80 -842150451
 350 1360 50 80 -842150451
 350 1440 50 80 -842150451
 350 1520 50 80 -842150451
 400 0 50 80 -842150451
 400 80 50 80 -842150451
 400 160 50 80 -842150451
 400 240 50 80 -842150451
 400 320 50 80 69874
 400 400 50 80 -842150451
 400 480 50 80 -842150451
 400 560 50 80 -842150451
 400 640 50 80 -842150451
 400 720 50 80 -842150451
 400 800 50 80 -842150451
 400 880 50 80 -842150451
 400 960 50 80 -842150451
 400 1040 50 80 -842150451
 400 1120 50 80 -842150451
 400 1200 50 80 -842150451
 400 1280 50 80 -842150451
 400 1360 50 80 -842150451
 400 1440 50 80 -842150451
 400 1520 50 80 -842150451
 450 0 50 80 -842150451
 450 80 50 80 -842150451
 450 160 50 80 -842150451
 450 240 50 80 -842150451
 450 320 50 80 -842150451
 450 400 50 80 69876
 450 480 50 80 69875
 450 560 50 80 69877
 450 640 50 80 -842150451
 450 720 50 80 -842150451
 450 800 50 80 -842150451
 450 880 50 80 -842150451
 450 960 50 80 -842150451
 450 1040 50 80 -842150451
 450 1120 50 80 -842150451
 450 1200 50 80 -842150451
 450 1280 50 80 -842150451
 450 1360 50 80 -842150451
 450 1440 50 80 -842150451
 450 1520 50 80 -842150451
